1.395305991172790527e-02
3.484724462032318115e-01
4.418806731700897217e-01
4.991919696331024170e-01
4.562088251113891602e-01
1.633858919143676758e+00
2.388772368431091309e-01
5.393296480178833008e-01
1.412239909172058105e+00
1.626718521118164062e+00
6.389388442039489746e-02
1.853221654891967773e-01
5.635753273963928223e-03
4.641278833150863647e-02
3.239338397979736328e-01
9.570598602294921875e-03
4.974884092807769775e-01
1.227376610040664673e-01
2.189173996448516846e-01
3.982160687446594238e-01
3.911774754524230957e-01
1.326533779501914978e-02
4.980988502502441406e-01
1.307989284396171570e-02
5.426642298698425293e-01
6.054318547248840332e-01
3.041581213474273682e-01
7.774326801300048828e-01
1.320495963096618652e+00
2.124966144561767578e+00
9.843315184116363525e-02
2.766746878623962402e-01
1.254883289337158203e+00
1.132636889815330505e-02
1.009144335985183716e-01
4.566369950771331787e-02
4.434135556221008301e-02
1.329039454460144043e+00
3.289388120174407959e-01
4.016616567969322205e-02
7.592996358871459961e-01
3.912071287631988525e-01
5.745210647583007812e-01
3.778212070465087891e-01
1.293221712112426758e+00
1.017994061112403870e-02
1.127060502767562866e-02
5.017186403274536133e-01
2.632985636591911316e-02
1.265538483858108521e-02
2.467053532600402832e-01
1.492891013622283936e-01
1.988397166132926941e-02
4.753301441669464111e-01
8.563230931758880615e-02
8.410826325416564941e-01
4.206880927085876465e-01
2.462427914142608643e-01
1.208113208413124084e-01
3.403046429157257080e-01
5.723976343870162964e-02
1.559400439262390137e+00
1.818116903305053711e+00
4.327005147933959961e-01
1.483786344528198242e+00
1.719324290752410889e-02
3.687784373760223389e-01
5.561449527740478516e-01
8.658240437507629395e-01
9.800715744495391846e-02
6.894684433937072754e-01
2.005927562713623047e+00
7.113683819770812988e-01
3.637892603874206543e-01
5.571083426475524902e-01
7.546607255935668945e-01
5.954946205019950867e-02
5.491790175437927246e-02
4.664980769157409668e-01
8.462209701538085938e-01
3.422314524650573730e-01
1.405679285526275635e-01
6.366489827632904053e-02
1.170179605484008789e+00
1.145835965871810913e-02
9.869341254234313965e-01
4.438892841339111328e+00
2.091509699821472168e-01
2.977962791919708252e-01
1.344551742076873779e-01
3.420269489288330078e+00
8.743796348571777344e-01
7.000502943992614746e-01
8.091852068901062012e-03
1.738748699426651001e-02
6.273494660854339600e-02
1.854901760816574097e-02
5.522973090410232544e-02
1.160364747047424316e-01
2.021960914134979248e-01
1.651665210723876953e+00
2.318461537361145020e-01
3.022502899169921875e+00
6.041694283485412598e-01
9.505226463079452515e-02
8.653198182582855225e-02
4.349500238895416260e-01
7.757712900638580322e-02
3.923283517360687256e-01
1.763020157814025879e-01
1.430211514234542847e-01
1.398231685161590576e-01
1.717951148748397827e-02
1.942121267318725586e+00
4.531513527035713196e-02
2.374740123748779297e+00
2.935940772294998169e-02
7.309193015098571777e-01
2.751880288124084473e-01
6.102164834737777710e-02
7.587394118309020996e-01
1.303626179695129395e+00
2.887850105762481689e-01
3.798404037952423096e-01
5.885192751884460449e-01
5.343873053789138794e-03
3.246266022324562073e-02
1.539180874824523926e-01
1.376195788383483887e+00
1.490633636713027954e-01
9.381998330354690552e-03
2.732259333133697510e-01
7.283315062522888184e-01
2.832253277301788330e-02
4.758769869804382324e-01
2.361813932657241821e-02
3.486905694007873535e-01
8.211597800254821777e-02
9.782601892948150635e-02
6.656415760517120361e-02
1.169416680932044983e-02
2.748384773731231689e-01
1.169887304306030273e+00
3.913069367408752441e-01
1.077255368232727051e+00
8.536998182535171509e-02
1.064715504646301270e+00
7.646856904029846191e-01
2.895351052284240723e-01
1.480762362480163574e+00
1.064945012331008911e-02
1.808644831180572510e-02
3.240632712841033936e-01
4.388385638594627380e-02
2.048845767974853516e+00
3.190854191780090332e-02
4.851292073726654053e-01
8.588881790637969971e-02
1.711385324597358704e-02
7.531195878982543945e-03
4.030653238296508789e-01
5.974467098712921143e-02
1.119324564933776855e-02
5.731096267700195312e-01
1.958772063255310059e+00
1.089511632919311523e+00
6.250195205211639404e-03
6.683291792869567871e-01
2.403795123100280762e-01
2.722347676753997803e-01
2.650585770606994629e-01
4.499116539955139160e-01
2.510241046547889709e-02
1.775960028171539307e-01
5.244520306587219238e-02
2.152040600776672363e-01
2.273713797330856323e-02
9.430186152458190918e-01
1.102715373039245605e+00
2.822650969028472900e-02
1.283439695835113525e-01
1.356281340122222900e-02
3.712258040904998779e-01
5.916191264986991882e-02
3.326756060123443604e-01
7.135156542062759399e-02
1.030469685792922974e-02
2.016996443271636963e-01
1.116947829723358154e-02
1.696773290634155273e+00
3.582124039530754089e-02
1.804099380970001221e-01
7.867810726165771484e-01
3.067392110824584961e-01
2.511489629745483398e+00
1.488603949546813965e-01
2.416856586933135986e-01
5.153479576110839844e-01
5.935117602348327637e-01
2.122878730297088623e-01
5.694535002112388611e-02
2.527227252721786499e-02
8.414485454559326172e-01
1.052328124642372131e-01
1.092851877212524414e+00
2.171213924884796143e-02
1.757981628179550171e-01
5.462366342544555664e-02
1.629611849784851074e-02
3.287345170974731445e-01
1.121277809143066406e-01
2.388583719730377197e-01
1.182779818773269653e-01
5.391261726617813110e-02
9.596413373947143555e-02
4.422010481357574463e-02
1.243717432022094727e+00
8.084630221128463745e-02
9.770520031452178955e-03
6.435759365558624268e-03
2.813960611820220947e-02
1.890277862548828125e-02
9.229518771171569824e-01
9.969849139451980591e-03
3.460011258721351624e-02
3.513183444738388062e-02
1.087804883718490601e-01
1.341705322265625000e-01
3.672577142715454102e-01
9.191066026687622070e-03
1.662539839744567871e+00
1.120717227458953857e-01
1.372532367706298828e+00
1.201877072453498840e-01
5.566955804824829102e-01
4.414825141429901123e-01
6.057769060134887695e-03
3.646405637264251709e-01
8.436389267444610596e-03
3.061803057789802551e-02
1.332216501235961914e+00
1.826704740524291992e+00
4.095996022224426270e-01
9.619057178497314453e-03
4.188017368316650391e+00
1.951621472835540771e-02
3.958769738674163818e-01
7.698811590671539307e-02
9.874600172042846680e-01
5.152444839477539062e-01
1.753103435039520264e-01
9.635278582572937012e-02
3.212091028690338135e-01
9.365330338478088379e-01
1.008355617523193359e+00
1.748353689908981323e-01
1.737308204174041748e-01
2.393260598182678223e-01
1.436614990234375000e-02
4.857178032398223877e-01
3.229202702641487122e-02
1.274096250534057617e+00
5.802929028868675232e-02
1.323781907558441162e-02
6.581665575504302979e-02
1.285311579704284668e-01
4.475702643394470215e-01
2.257487177848815918e-01
1.300298795104026794e-02
2.431392669677734375e-02
3.138753473758697510e-01
3.317235112190246582e-01
1.092448979616165161e-01
1.088395595550537109e+00
1.328903436660766602e-02
1.378788799047470093e-02
3.433467447757720947e-01
2.542648553848266602e+00
6.269697546958923340e-01
2.900060653686523438e+00
1.634544432163238525e-01
2.205167055130004883e+00
9.403783828020095825e-03
9.035190343856811523e-01
3.434540033340454102e-01
3.284922987222671509e-02
1.449086144566535950e-02
2.422021925449371338e-01
3.895135596394538879e-02
2.144767343997955322e-01
4.960295557975769043e-02
1.342730760574340820e+00
3.180008232593536377e-01
5.477290600538253784e-03
1.063422113656997681e-01
2.318981289863586426e-02
1.877185702323913574e-02
1.322150230407714844e-02
2.383372485637664795e-01
2.582310140132904053e-01
6.612632274627685547e-01
8.920417428016662598e-01
1.574211567640304565e-02
7.721643894910812378e-02
8.804482817649841309e-01
5.532109737396240234e-01
1.264373779296875000e+00
9.525590389966964722e-02
3.258882164955139160e-01
1.502953410148620605e+00
1.416687294840812683e-02
2.825392782688140869e-02
5.658947676420211792e-02
2.001844644546508789e-01
8.698823451995849609e-01
1.046222820878028870e-02
1.023313701152801514e-01
5.891581773757934570e-01
2.759989202022552490e-01
1.686338484287261963e-01
4.958766460418701172e+00
9.797921031713485718e-02
9.640716910362243652e-01
2.084413170814514160e-02
1.272066593170166016e+00
2.440648794174194336e+00
4.820188507437705994e-02
1.606006547808647156e-02
4.680603742599487305e-02
1.263772696256637573e-02
1.049323752522468567e-02
1.134825468063354492e+00
6.288169324398040771e-02
4.299204945564270020e-01
5.842030048370361328e-01
1.426168531179428101e-02
4.819919168949127197e-01
2.909836471080780029e-01
2.889738678932189941e-01
6.024647355079650879e-01
4.455012828111648560e-02
2.349424064159393311e-01
9.747229516506195068e-03
4.320766329765319824e-01
3.752534091472625732e-01
6.678215414285659790e-02
1.773464381694793701e-01
1.255562901496887207e-02
7.376454472541809082e-01
1.566326618194580078e-02
8.942004293203353882e-03
5.166568607091903687e-02
6.177914887666702271e-02
2.492262050509452820e-02
3.047489374876022339e-02
8.056899160146713257e-02
4.003082215785980225e-01
1.021480560302734375e-02
1.257178187370300293e-02
1.836769878864288330e-01
1.011274755001068115e-02
4.499537050724029541e-01
2.057325839996337891e-02
3.829988464713096619e-02
2.138424813747406006e-01
1.804953217506408691e+00
3.579129576683044434e-01
5.700980126857757568e-02
1.107375860214233398e+00
7.509815692901611328e-01
9.991917759180068970e-03
4.435359537601470947e-01
1.237962618470191956e-01
1.315462961792945862e-02
7.339790463447570801e-01
1.277449429035186768e-01
1.711387634277343750e-01
2.030246734619140625e+00
7.493445873260498047e-01
3.046951293945312500e-01
5.137094259262084961e-01
9.743746370077133179e-03
6.270565092563629150e-03
4.843153432011604309e-02
2.497720718383789062e-01
7.737849354743957520e-01
2.454424798488616943e-01
9.156186878681182861e-02
1.765650212764739990e-01
2.365116834640502930e+00
3.650091588497161865e-02
9.648323059082031250e-01
1.766031086444854736e-01
6.974377632141113281e-01
1.007774591445922852e+00
1.172070652246475220e-01
9.340975433588027954e-03
8.493074774742126465e-02
1.347900778055191040e-01
7.272840738296508789e-01
5.462263897061347961e-02
1.021479368209838867e-01
3.195003420114517212e-02
2.859455347061157227e-02
2.547158673405647278e-02
1.594528108835220337e-01
9.734863787889480591e-02
1.049460411071777344e+00
6.290965080261230469e-01
5.776015520095825195e-01
4.020245969295501709e-01
2.656553089618682861e-01
2.224662303924560547e-01
1.641085743904113770e-02
5.880266427993774414e-02
3.215096890926361084e-02
8.724980950355529785e-01
1.339593231678009033e-01
6.078372001647949219e-01
2.521705925464630127e-01
5.175465717911720276e-02
7.295604050159454346e-02
2.918915450572967529e-01
1.580763161182403564e-01
2.512374520301818848e-02
9.063884615898132324e-02
1.009520053863525391e+00
1.266021430492401123e-01
1.101665720343589783e-01
5.300782620906829834e-03
4.579339176416397095e-02
9.495683014392852783e-03
1.002707332372665405e-02
2.177088022232055664e+00
5.597730278968811035e-01
2.061645090579986572e-01
3.006454706192016602e-01
2.650350332260131836e+00
4.272435605525970459e-02
1.063663512468338013e-01
9.010495543479919434e-01
9.990375638008117676e-01
1.724299311637878418e+00
1.712197437882423401e-02
1.057810336351394653e-02
9.644524455070495605e-01
6.020347476005554199e-01
3.215397298336029053e-01
1.023718953132629395e+00
2.173476517200469971e-01
1.193680390715599060e-01
9.071321040391921997e-02
1.221060276031494141e+00
4.962289333343505859e-02
5.856377482414245605e-01
9.879298508167266846e-03
1.706894338130950928e-01
2.707110345363616943e-02
8.108736276626586914e-01
7.288061380386352539e-01
7.244818806648254395e-01
9.239542484283447266e-01
2.122803926467895508e+00
5.015373229980468750e-01
4.701294377446174622e-02
1.642031073570251465e-01
6.626014709472656250e-01
4.987926408648490906e-02
1.864267885684967041e-01
1.856855750083923340e-01
1.161375492811203003e-01
4.860601946711540222e-02
3.215175867080688477e-01
1.111843958497047424e-01
1.016846671700477600e-02
2.078403234481811523e+00
2.648840546607971191e-01
1.747807145118713379e+00
6.182467937469482422e-02
6.981136202812194824e-01
8.815507590770721436e-02
8.466002345085144043e-02
1.712863802909851074e+00
2.050706148147583008e+00
6.239023059606552124e-03
1.667631268501281738e-01
1.049432158470153809e+00
1.487020030617713928e-02
2.431228458881378174e-01
6.770554184913635254e-02
3.302199542522430420e-01
4.429841041564941406e-01
9.310730695724487305e-01
7.232700586318969727e-01
2.112547755241394043e-01
1.483954668045043945e+00
2.408082187175750732e-01
1.528980955481529236e-02
6.288756430149078369e-02
1.859714686870574951e-01
1.100422382354736328e+00
2.147171735763549805e+00
1.072608381509780884e-01
2.443633377552032471e-01
2.196917057037353516e+00
5.710458755493164062e-02
7.362239956855773926e-01
1.844973862171173096e-02
9.045532941818237305e-01
1.861006915569305420e-01
1.443691179156303406e-02
9.355026483535766602e-02
1.023059710860252380e-02
5.958988517522811890e-02
4.834530353546142578e-01
7.650081813335418701e-02
1.262386083602905273e+00
4.288905262947082520e-01
5.629178881645202637e-01
3.335087299346923828e-01
3.571510314941406250e-01
1.140647754073143005e-02
3.036097884178161621e-01
1.482782512903213501e-02
9.418755173683166504e-01
4.750970900058746338e-01
1.199443459510803223e+00
7.723833620548248291e-02
3.612192869186401367e-01
1.545363664627075195e-01
1.101598739624023438e-01
2.285971492528915405e-02
6.374493837356567383e-01
4.179749488830566406e-01
1.852161586284637451e-01
2.592780590057373047e-01
3.293166309595108032e-02
3.442866504192352295e-01
4.264375567436218262e-02
1.558555364608764648e+00
2.375881075859069824e-01
4.986752569675445557e-01
1.062377393245697021e-01
5.868583545088768005e-02
8.108595013618469238e-02
7.845992445945739746e-01
9.695102274417877197e-02
2.012709617614746094e+00
5.720960497856140137e-01
1.058460026979446411e-02
1.603559702634811401e-01
6.337097883224487305e-01
2.166200801730155945e-02
5.980504155158996582e-01
1.210034266114234924e-02
2.150098085403442383e+00
5.207399725914001465e-01
1.247986078262329102e+00
9.199107885360717773e-01
4.382003471255302429e-02
7.250934839248657227e-02
4.528886079788208008e-01
2.651450410485267639e-02
9.295565634965896606e-02
9.712982177734375000e-02
2.297197103500366211e+00
6.268839240074157715e-01
2.222733974456787109e+00
2.057418227195739746e-01
3.972771763801574707e-02
2.039462625980377197e-01
1.170574724674224854e-01
1.544181257486343384e-02
3.665477931499481201e-01
5.927679538726806641e-01
1.275156065821647644e-02
7.074739784002304077e-02
2.218573540449142456e-02
1.970051974058151245e-02
9.433123469352722168e-01
1.298825442790985107e-02
1.073205471038818359e-02
6.619169712066650391e-01
1.273581013083457947e-02
1.727685034275054932e-01
1.723162531852722168e-01
9.360194206237792969e-01
1.912285760045051575e-02
7.985047996044158936e-02
4.190181493759155273e-01
6.489342451095581055e-01
5.864757299423217773e-01
1.439214944839477539e+00
7.163156569004058838e-02
1.070415228605270386e-02
2.209677457809448242e+00
8.883301913738250732e-02
4.669133201241493225e-02
4.229063540697097778e-02
1.189297810196876526e-01
1.225866749882698059e-02
2.479523420333862305e-01
9.619128704071044922e-02
1.025748133659362793e+00
2.534192800521850586e-01
3.232798278331756592e-01
5.628784298896789551e-01
1.174256563186645508e+00
1.921555757522583008e+00
3.258187174797058105e-01
1.207203492522239685e-01
3.429418057203292847e-02
5.693856999278068542e-02
2.051448076963424683e-02
4.146810472011566162e-01
9.957057237625122070e-02
6.306871026754379272e-02
7.674898505210876465e-01
1.419216990470886230e-01
6.646997332572937012e-01
2.291427552700042725e-01
9.227303862571716309e-01
4.092809259891510010e-01
7.632065564393997192e-02
5.747406557202339172e-02
5.232510715723037720e-02
2.188420891761779785e-01
1.153204739093780518e-01
9.563791751861572266e-02
1.380982398986816406e+00
1.873352751135826111e-02
2.788843810558319092e-01
4.138831049203872681e-02
6.791277229785919189e-02
1.550724357366561890e-02
5.252360552549362183e-02
7.208372354507446289e-01
1.243629306554794312e-02
3.693086504936218262e-01
2.227983474731445312e+00
8.305451869964599609e-01
3.926302120089530945e-02
1.737600415945053101e-01
6.397439539432525635e-02
1.314762979745864868e-02
5.672170221805572510e-02
1.474065333604812622e-02
1.562002301216125488e-02
4.279852285981178284e-02
7.904363423585891724e-02
6.933785080909729004e-01
3.598615527153015137e-01
3.016662225127220154e-02
3.802448511123657227e-01
2.038966178894042969e+00
4.874520897865295410e-01
4.412862658500671387e-01
1.115528866648674011e-02
9.925030171871185303e-03
1.093763113021850586e-01
1.251921355724334717e-01
4.854758083820343018e-01
1.022772341966629028e-01
1.334687322378158569e-02
2.818594872951507568e-01
1.021527796983718872e-01
3.058006167411804199e-01
4.509912133216857910e-01
8.519130945205688477e-01
4.723095148801803589e-02
5.326876044273376465e-02
1.680310815572738647e-02
2.207700014114379883e-01
1.098207011818885803e-02
7.803093641996383667e-02
3.698662519454956055e-01
1.102724671363830566e+00
1.187536939978599548e-01
1.516044437885284424e-01
5.284955501556396484e-01
3.988940119743347168e-01
3.848938345909118652e-01
2.258120477199554443e-01
4.076036065816879272e-02
3.617233037948608398e-02
2.032114267349243164e-01
1.347145438194274902e-02
1.701928853988647461e+00
8.820536136627197266e-01
3.011927008628845215e-01
6.552425026893615723e-01
1.465188339352607727e-02
5.081327557563781738e-01
1.126173883676528931e-02
1.012521609663963318e-02
3.323817253112792969e-02
7.697790265083312988e-01
9.654502868652343750e-01
2.828190475702285767e-02
1.136403158307075500e-02
6.629140377044677734e-01
1.515155285596847534e-02
8.461476117372512817e-02
9.475247561931610107e-02
1.672829389572143555e-01
1.050846338272094727e+00
1.527269184589385986e-02
4.351390898227691650e-02
1.675953716039657593e-02
1.052810102701187134e-01
8.616369962692260742e-01
6.355886906385421753e-02
7.130093127489089966e-02
4.112087786197662354e-01
1.237760543823242188e+00
2.796278595924377441e-01
1.145317673683166504e+00
1.194914579391479492e+00
6.222604513168334961e-01
1.043584570288658142e-02
3.605498313903808594e+00
6.488012075424194336e-01
1.031014323234558105e-01
4.582201689481735229e-02
4.284194856882095337e-02
2.349555253982543945e+00
6.834337115287780762e-02
4.857271313667297363e-01
1.040785759687423706e-02
5.947340130805969238e-01
1.276681199669837952e-02
5.997923016548156738e-01
1.506409525871276855e+00
1.026221364736557007e-02
1.930672302842140198e-02
1.225481554865837097e-02
4.829676449298858643e-02
6.811742484569549561e-02
5.358532443642616272e-02
5.640836358070373535e-01
1.055616587400436401e-01
7.738314568996429443e-02
5.473785102367401123e-03
2.483685493469238281e+00
1.153127849102020264e-01
9.838828444480895996e-02
8.134824037551879883e-01
6.558459997177124023e-01
1.477349698543548584e-01
1.299773156642913818e-02
6.198477372527122498e-02
1.209384322166442871e+00
1.247620210051536560e-01
6.657218337059020996e-01
1.717623695731163025e-02
3.926674276590347290e-02
4.727223515510559082e-02
4.585290700197219849e-02
1.889945566654205322e-02
1.598228514194488525e-02
1.178742349147796631e-01
8.239475488662719727e-01
1.547057181596755981e-02
9.939368963241577148e-01
5.003556609153747559e-03
1.332187354564666748e-01
2.160630375146865845e-02
8.596178144216537476e-03
1.032558083534240723e-02
1.490920484066009521e-01
6.763485074043273926e-01
3.510792255401611328e-01
3.645851910114288330e-01
1.215357556939125061e-01
1.956195712089538574e+00
1.005770415067672729e-01
2.595231831073760986e-01
1.332350015640258789e+00
9.714081883430480957e-03
2.372754812240600586e-01
2.427682578563690186e-01
1.534957885742187500e-01
9.052551984786987305e-01
4.861476123332977295e-01
3.156028687953948975e-01
1.584272086620330811e-01
1.025182381272315979e-02
2.030768692493438721e-01
5.012663081288337708e-02
2.960530519485473633e-01
8.837473392486572266e-02
5.119819641113281250e-01
5.794925093650817871e-01
2.442626655101776123e-01
1.931256800889968872e-02
2.103178203105926514e-02
6.432325392961502075e-02
5.341949462890625000e-01
3.477816879749298096e-01
6.290792822837829590e-01
1.949830055236816406e-01
7.934734225273132324e-03
2.985841780900955200e-02
8.812804520130157471e-02
2.712326347827911377e-01
3.710301816463470459e-01
2.591826915740966797e-01
2.722387015819549561e-02
2.751073598861694336e+00
3.268057107925415039e-02
3.372727334499359131e-02
1.010826230049133301e-02
1.486603915691375732e-01
1.367722451686859131e-01
1.138424992561340332e+00
2.618026137351989746e-01
9.936834573745727539e-01
2.843856438994407654e-02
5.974544584751129150e-02
1.002979278564453125e-02
1.367910802364349365e-01
2.701866999268531799e-02
2.376398444175720215e-02
1.021378874778747559e+00
2.461693808436393738e-02
5.514248013496398926e-01
5.367844700813293457e-01
1.574219763278961182e-02
1.324950531125068665e-02
7.030698060989379883e-01
2.810642719268798828e-01
1.095382496714591980e-02
2.988392487168312073e-02
1.945775628089904785e+00
9.783081710338592529e-03
9.740781038999557495e-02
7.863548994064331055e-01
3.936887159943580627e-02
6.678115576505661011e-02
5.840773135423660278e-02
1.778741121292114258e+00
9.896680712699890137e-03
1.255558803677558899e-02
6.284204721450805664e-01
4.487253725528717041e-02
3.964385762810707092e-02
4.462697505950927734e-01
2.546326220035552979e-01
4.496257752180099487e-02
2.260609269142150879e-01
6.168469041585922241e-02
3.213565051555633545e-02
2.669804915785789490e-02
2.828403115272521973e-01
3.455384671688079834e-01
8.114337921142578125e-02
6.650338172912597656e-01
1.629655480384826660e+00
7.081611454486846924e-02
9.979702234268188477e-01
1.439026445150375366e-01
1.175417825579643250e-01
5.917559862136840820e-01
1.063576042652130127e-01
5.875335931777954102e-01
1.484050452709197998e-01
4.951678514480590820e-01
6.521958708763122559e-01
1.940648555755615234e-01
2.368761301040649414e-01
3.994542360305786133e-02
5.976490676403045654e-02
-1.176267862319946289e-03
2.618856132030487061e-01
1.259168386459350586e-01
1.820951402187347412e-01
7.550942897796630859e-02
5.005630850791931152e-02
5.062203109264373779e-02
3.233765065670013428e-02
4.884408041834831238e-02
2.605739235877990723e-02
1.193763241171836853e-01
7.565004378557205200e-02
9.786749482154846191e-01
7.316993176937103271e-02
1.791093945503234863e-01
2.906872630119323730e-01
2.830912172794342041e-01
1.887933611869812012e+00
1.576292753219604492e+00
1.325294375419616699e-02
8.266153931617736816e-02
5.450024604797363281e-01
8.681082725524902344e-01
1.361171156167984009e-02
1.498202443122863770e+00
7.522579282522201538e-03
5.619820952415466309e-02
1.079370826482772827e-02
3.458325266838073730e-01
9.225528687238693237e-03
5.522673204541206360e-02
9.864717721939086914e-03
1.990986764430999756e-01
3.201842308044433594e-02
3.839105740189552307e-02
2.761180698871612549e-02
1.571377754211425781e+00
1.049748063087463379e-02
3.570062667131423950e-02
1.100621372461318970e-02
2.114291906356811523e+00
1.177379265427589417e-01
7.159318029880523682e-02
2.775696516036987305e-01
3.899860382080078125e-02
1.132218241691589355e+00
1.097626239061355591e-02
8.848485946655273438e-01
8.235681653022766113e-01
1.130137220025062561e-02
4.150689393281936646e-02
1.945695877075195312e-01
8.551289439201354980e-01
9.940750896930694580e-03
1.083488762378692627e-01
1.469823241233825684e+00
2.375954389572143555e-01
1.744247972965240479e-02
6.094494462013244629e-01
8.348968625068664551e-01
1.247027397155761719e+00
6.896761059761047363e-02
4.762472152709960938e+00
1.416473835706710815e-02
1.049849018454551697e-02
8.690069913864135742e-01
1.150281950831413269e-01
1.796240210533142090e-01
7.861771434545516968e-02
1.110656112432479858e-01
2.752022743225097656e-01
1.256001442670822144e-01
7.224507629871368408e-02
3.115229606628417969e-01
4.373346269130706787e-01
3.344566226005554199e-01
4.290091097354888916e-01
6.157746911048889160e-01
4.777042195200920105e-02
1.286539435386657715e-01
1.386583894491195679e-01
2.759342789649963379e-01
2.375178575515747070e+00
2.685590386390686035e-01
9.905207902193069458e-02
1.647039651870727539e-01
9.752374142408370972e-03
1.152107834815979004e+00
2.499007433652877808e-02
7.126982510089874268e-02
3.465655446052551270e-02
1.137492433190345764e-01
1.017036661505699158e-02
1.409226655960083008e-02
7.187852859497070312e-01
1.398429274559020996e-02
1.417466878890991211e+00
1.264814287424087524e-02
1.034420609474182129e+00
2.916959822177886963e-01
2.830634713172912598e-01
5.695590376853942871e-02
1.654364913702011108e-02
7.655858397483825684e-01
3.583998605608940125e-02
3.191412091255187988e-01
2.753063291311264038e-02
2.493780851364135742e-02
8.186377882957458496e-01
7.350940257310867310e-02
3.937070071697235107e-01
1.767677068710327148e-02
3.067111223936080933e-02
3.674246072769165039e-01
5.973421782255172729e-02
1.351633667945861816e-01
1.058245897293090820e+00
3.957214951515197754e-01
1.370006322860717773e+00
9.298492670059204102e-01
8.996400982141494751e-02
1.149207353591918945e+00
5.018729567527770996e-01
1.159418374300003052e-01
2.898558974266052246e-02
1.339565962553024292e-02
6.129866242408752441e-01
1.346201449632644653e-02
2.439591288566589355e-01
1.146051168441772461e+00
6.601272523403167725e-02
4.465351998805999756e-01
8.145264983177185059e-01
1.231223419308662415e-01
1.337421059608459473e+00
6.006364151835441589e-02
8.715025186538696289e-01
4.008252918720245361e-01
1.370588690042495728e-02
2.835852801799774170e-01
1.252918317914009094e-02
1.696860939264297485e-01
2.198739349842071533e-02
4.452724456787109375e-01
4.042375832796096802e-02
3.291368111968040466e-02
2.988027930259704590e-01
7.261719554662704468e-02
3.160037100315093994e-02
3.003269135951995850e-01
7.262313365936279297e-02
6.899542361497879028e-02
1.382180452346801758e-01
1.160243153572082520e-02
1.075306162238121033e-01
2.105625152587890625e+00
1.128855571150779724e-01
8.429214358329772949e-01
1.632579565048217773e-01
1.594034731388092041e-01
2.418374776840209961e+00
8.270775526762008667e-02
5.719076842069625854e-03
5.488298833370208740e-03
3.472336232662200928e-01
3.223732113838195801e-02
4.550932720303535461e-02
1.951819658279418945e-01
1.819638535380363464e-02
1.505440473556518555e-02
2.278275191783905029e-01
4.540605843067169189e-02
5.639643222093582153e-02
7.641554623842239380e-02
8.014946430921554565e-02
2.112285792827606201e-01
5.099044442176818848e-01
9.182997047901153564e-03
9.933543205261230469e-02
5.940033793449401855e-01
1.490131020545959473e-01
7.413101196289062500e-02
1.908476352691650391e+00
2.971508726477622986e-02
7.343952655792236328e-01
1.282851397991180420e-02
1.378132402896881104e-02
1.009060025215148926e+00
2.558454573154449463e-01
1.133675724267959595e-01
3.639991208910942078e-02
2.269963324069976807e-01
6.755576729774475098e-01
3.496226072311401367e-01
5.836944654583930969e-02
1.171958371996879578e-01
2.426188811659812927e-02
3.001699745655059814e-01
4.350074529647827148e-01
9.507380425930023193e-03
3.737623989582061768e-02
6.148198843002319336e-01
1.732542872428894043e+00
2.732591032981872559e-01
2.223050594329833984e-02
6.528632640838623047e-01
1.199256256222724915e-01
3.090850263833999634e-02
3.539597690105438232e-01
1.046959310770034790e-02
1.288902014493942261e-01
1.183846220374107361e-01
1.268319413065910339e-02
7.263340055942535400e-03
4.490220546722412109e-02
1.902684569358825684e-02
3.197267353534698486e-01
5.511049181222915649e-03
1.009059697389602661e-02
7.241479307413101196e-02
1.112609207630157471e-01
1.021899282932281494e-02
1.036025956273078918e-01
1.020372658967971802e-02
8.445121347904205322e-03
9.322304278612136841e-02
1.320273876190185547e+00
1.973555922508239746e+00
2.804957330226898193e-02
7.141981124877929688e-01
1.610921621322631836e-01
3.307628259062767029e-02
9.178962558507919312e-02
5.231113731861114502e-02
1.821920990943908691e+00
1.081700846552848816e-01
4.511320590972900391e-02
1.890790164470672607e-01
6.697192788124084473e-02
3.180962204933166504e-01
7.238491177558898926e-01
7.708998769521713257e-02
2.426303625106811523e-01
4.242360964417457581e-02
6.370817422866821289e-01
1.258192360401153564e-01
9.578585624694824219e-03
1.195691525936126709e-02
1.062669515609741211e+00
1.461349427700042725e-02
6.266306340694427490e-02
2.119193077087402344e-01
6.753914058208465576e-03
7.216168642044067383e-01
9.623035788536071777e-03
1.486643552780151367e+00
3.932208716869354248e-01
1.793140172958374023e-01
5.692768096923828125e-01
5.533755198121070862e-02
2.419499456882476807e-01
1.245612263679504395e+00
1.042771786451339722e-01
5.365331768989562988e-01
4.950497671961784363e-02
5.239444971084594727e-01
9.557634592056274414e-03
1.491720378398895264e-01
1.149091050028800964e-01
8.152458667755126953e-01
2.770622074604034424e-02
8.488856256008148193e-02
7.168372869491577148e-01
2.451066017150878906e+00
1.100575178861618042e-02
2.232981324195861816e-01
2.846039831638336182e-02
8.576080203056335449e-03
1.473674476146697998e-01
1.326798275113105774e-02
1.233428597450256348e+00
5.522960051894187927e-02
6.334327161312103271e-03
2.156602144241333008e-01
1.773972213268280029e-01
4.007753357291221619e-02
2.806900441646575928e-01
2.248691618442535400e-01
6.294542551040649414e-01
1.124286055564880371e-01
1.116526126861572266e-02
6.423249840736389160e-03
6.778812408447265625e-02
6.911053657531738281e-01
2.150987461209297180e-02
1.398455351591110229e-02
6.521764993667602539e-01
2.985354885458946228e-02
1.411587297916412354e-01
1.357556879520416260e-01
2.799329459667205811e-01
1.938045322895050049e-01
7.787908315658569336e-01
5.136242508888244629e-02
1.947795152664184570e-01
3.966113924980163574e-01
6.457373499870300293e-01
5.016859769821166992e-01
3.274765983223915100e-02
4.482779800891876221e-01
1.091381549835205078e+00
2.781477570533752441e-01
4.960625246167182922e-02
1.592115312814712524e-02
3.721691370010375977e-01
1.899919509887695312e-01
7.649202346801757812e-01
2.217779457569122314e-01
3.540110215544700623e-02
3.002167046070098877e-01
1.782203674316406250e+00
2.261869609355926514e-02
1.591024845838546753e-01
6.207610964775085449e-01
1.826128959655761719e+00
7.901344895362854004e-01
3.098701536655426025e-01
2.348238825798034668e-01
4.132550954818725586e-02
1.920232772827148438e-01
6.417413949966430664e-01
1.234260201454162598e-02
4.223464727401733398e-01
9.349450469017028809e-03
2.809790521860122681e-02
1.481933146715164185e-02
1.005893200635910034e-02
2.902095317840576172e-01
5.918357372283935547e-01
7.064845561981201172e-01
1.485778570175170898e+00
1.662240326404571533e-01
2.287389636039733887e-01
3.973301500082015991e-02
1.739510893821716309e-01
4.897769689559936523e-01
2.297041416168212891e-01
5.975271016359329224e-02
1.535810232162475586e+00
9.620025753974914551e-03
3.197543323040008545e-02
8.450999259948730469e-01
2.230479568243026733e-02
2.703813016414642334e-01
5.849006772041320801e-01
2.528273463249206543e-01
1.573747992515563965e-01
1.230746135115623474e-01
1.082368046045303345e-01
1.597793996334075928e-01
6.337203383445739746e-01
7.310624718666076660e-01
5.352541804313659668e-03
4.880610108375549316e-01
1.070590317249298096e-01
1.296330392360687256e-01
1.180250167846679688e+00
9.086189270019531250e-01
1.199182748794555664e+00
1.357373595237731934e-02
1.052187681198120117e-01
2.423935383558273315e-02
4.746106863021850586e-01
5.341138690710067749e-03
3.808465898036956787e-01
6.615347266197204590e-01
1.200587823987007141e-01
1.447948217391967773e-01
7.565148174762725830e-03
1.613884568214416504e+00
1.136527538299560547e+00
2.920574545860290527e-01
4.816976934671401978e-02
3.470348566770553589e-02
6.804805994033813477e-02
1.308766305446624756e-01
1.140156745910644531e+00
6.711800694465637207e-01
2.558639049530029297e+00
2.439533174037933350e-02
2.797418236732482910e-01
6.046060100197792053e-02
3.888982057571411133e+00
7.353914976119995117e-01
4.963777214288711548e-02
2.274341285228729248e-01
1.135224848985671997e-02
6.905684471130371094e-01
3.366469740867614746e-01
2.848153114318847656e-01
9.823571890592575073e-03
2.409564703702926636e-02
7.674354314804077148e-01
8.872971683740615845e-02
5.613228082656860352e-01
2.661279216408729553e-02
5.105822905898094177e-02
1.023858413100242615e-02
3.309211879968643188e-02
2.926934137940406799e-02
1.275462031364440918e+00
7.614843547344207764e-03
1.500551775097846985e-02
4.309597983956336975e-02
2.460945025086402893e-02
1.246698424220085144e-01
1.195008605718612671e-01
8.538403511047363281e-01
8.627648353576660156e-01
6.645075976848602295e-02
5.522208213806152344e-01
5.866366624832153320e-01
4.665452539920806885e-01
1.496563106775283813e-02
9.967789053916931152e-03
5.207732319831848145e-03
1.911898851394653320e-01
2.420925348997116089e-02
1.999297142028808594e+00
2.706290781497955322e-02
1.033823251724243164e+00
2.431221306324005127e-02
2.168443202972412109e-01
7.860447764396667480e-01
8.456900715827941895e-03
9.817689657211303711e-03
1.387350261211395264e-02
3.577506542205810547e+00
9.924270212650299072e-03
2.980432510375976562e-01
3.772189468145370483e-02
6.764743924140930176e-01
9.454917162656784058e-03
4.210930317640304565e-02
1.242223739624023438e+00
5.192719697952270508e-01
1.033993810415267944e-02
3.833614349365234375e+00
4.967011213302612305e-01
1.687156558036804199e+00
1.380565762519836426e-02
9.636948704719543457e-01
2.130879878997802734e+00
1.839644461870193481e-02
4.970589876174926758e-01
1.971283257007598877e-01
6.336174011230468750e-01
6.699195504188537598e-01
2.152918577194213867e-01
7.487665414810180664e-01
4.092697501182556152e-01
3.719888255000114441e-02
2.298163473606109619e-01
1.613628864288330078e+00
6.623478531837463379e-01
4.784582257270812988e-01
5.737228393554687500e-01
8.809202313423156738e-01
1.981490105390548706e-02
1.387465834617614746e+00
1.501351594924926758e-01
1.520625501871109009e-02
1.803140997886657715e+00
9.631250053644180298e-03
1.714442670345306396e-01
3.371950387954711914e-01
2.361948788166046143e-01
5.230371952056884766e-01
9.891636669635772705e-03
1.139585822820663452e-01
2.799045145511627197e-01
8.669201135635375977e-01
1.641555428504943848e-01
4.246540665626525879e-01
1.065419241786003113e-02
1.400572806596755981e-02
1.048628240823745728e-01
3.824472427368164062e-01
5.819138288497924805e-01
1.521607115864753723e-02
1.002668961882591248e-02
2.689101696014404297e-01
2.784135192632675171e-02
1.055166497826576233e-02
2.422577887773513794e-02
8.547466397285461426e-01
4.141270816326141357e-01
2.267012745141983032e-02
2.021637856960296631e-01
1.446542516350746155e-02
2.080869376659393311e-01
2.622093260288238525e-01
8.414559066295623779e-03
6.890829652547836304e-03
9.200269579887390137e-01
9.912937879562377930e-03
9.937133640050888062e-03
1.075894594192504883e+00
1.323607265949249268e-01
8.395929932594299316e-01
2.684494480490684509e-02
1.067325472831726074e-02
1.331708431243896484e-01
1.872063055634498596e-02
4.468286931514739990e-01
2.641332149505615234e-01
2.916172891855239868e-02
6.035528779029846191e-01
1.697091341018676758e+00
1.189231276512145996e+00
2.341131865978240967e-02
4.203072935342788696e-02
1.268042564392089844e+00
7.898205518722534180e-02
1.182628050446510315e-02
1.235227286815643311e-02
3.212117552757263184e-01
4.651237428188323975e-01
5.697562098503112793e-01
1.029409468173980713e-02
6.683228164911270142e-02
2.470704168081283569e-02
6.044502556324005127e-02
6.155759096145629883e-03
9.492766112089157104e-03
1.123459488153457642e-01
9.473629295825958252e-03
7.915402203798294067e-02
2.821401506662368774e-02
6.528141349554061890e-02
4.116870090365409851e-02
9.784493595361709595e-03
1.276793360710144043e+00
1.784475147724151611e-02
3.345777094364166260e-01
9.432899355888366699e-01
1.133344918489456177e-01
5.656231194734573364e-02
1.104785442352294922e+00
1.167240381240844727e+00
1.763406395912170410e-02
1.927470415830612183e-02
8.485194295644760132e-02
1.893133223056793213e-01
3.996695280075073242e-01
3.558237552642822266e-01
1.059192419052124023e-02
1.031027674674987793e+00
2.917090058326721191e-01
1.299664080142974854e-01
2.656322240829467773e+00
1.043665856122970581e-01
1.480429992079734802e-02
3.338142931461334229e-01
1.585166811943054199e+00
2.455378174781799316e-01
3.935920000076293945e+00
1.658830642700195312e-01
5.562960356473922729e-02
6.237224489450454712e-02
5.122319236397743225e-02
3.053392171859741211e-01
1.077808856964111328e+00
2.296699583530426025e-01
9.089431166648864746e-02
8.824789524078369141e-02
1.324316263198852539e-01
1.567416489124298096e-01
2.823041379451751709e-02
1.233653306961059570e+00
5.889222621917724609e-01
1.026456952095031738e+00
1.681249737739562988e-01
4.720006883144378662e-01
1.445095241069793701e-02
1.354415416717529297e+00
6.003921851515769958e-02
5.726911500096321106e-02
7.504342198371887207e-01
4.217135012149810791e-01
3.552968502044677734e-01
1.354264840483665466e-02
4.081652462482452393e-01
4.939594119787216187e-02
1.568651795387268066e-01
6.683533191680908203e-01
3.962981104850769043e-01
2.433514297008514404e-01
5.144157409667968750e-01
5.507941842079162598e-01
